.Random.seed <-
c(403L, 10L, -461290013L, -751946111L, 1186349296L, -564936818L, 
-1393405703L, -1209787765L, 2106358458L, -1035881028L, -1274716417L, 
284643925L, 1198728556L, -1569182270L, -2124034531L, -231401833L, 
1898651646L, 859753400L, -582539365L, -535835143L, -2133832376L, 
974620790L, 1601926577L, 1824062435L, -1678096206L, 1024926980L, 
-1050778041L, 406515997L, 2116501396L, 1347887930L, -1693388923L, 
-155108257L, -1676577050L, -177406608L, -1715894637L, 1191223089L, 
2083333600L, 150831742L, 1751314697L, -1334455493L, -1420399862L, 
1097130732L, -1253449873L, 931266725L, 1158228572L, -950924750L, 
1887052077L, -117561369L, 1463463694L, -623705880L, 575288043L, 
153508745L, -1932949736L, 347605574L, 1207429793L, 2115652915L, 
300340386L, 1675533204L, -702684649L, -1665997299L, -243465436L, 
-295993590L, 762598005L, -1974218289L, 1257659094L, 840941184L, 
16146627L, -1954103711L, 1215608528L, -1011642322L, 2085508569L, 
714844651L, 1331059802L, -1277049316L, -772397281L, 230587253L, 
-121626100L, -1549814814L, -1525653315L, -86487241L, 378386398L, 
1496057112L, 1758521467L, -241398247L, 1469523624L, 40674390L, 
-1128783663L, -1937867645L, 977624850L, -1625036124L, -1509820825L, 
1855612861L, -1909311180L, -1404061030L, -1794017051L, 127249023L, 
-1962298362L, -1599199344L, -373265869L, 276136401L, 1925555072L, 
-1319764386L, 1674446249L, -783924133L, -1149019030L, -1790868212L, 
1745258319L, -55135227L, -2132014404L, -644416622L, -711788403L, 
-2098495801L, -208988242L, -1283030520L, 373450251L, 820752105L, 
763849144L, 421185126L, 1110344449L, -219708013L, -1674633662L, 
-534011404L, -731595785L, 998572013L, -756955004L, 693202602L, 
1336771605L, 2144982191L, 809409206L, 427825376L, 1766679587L, 
-606348479L, 696665648L, -819325874L, -1909687111L, 812120267L, 
327828858L, 1057044604L, 821300415L, 1766082965L, 916668844L, 
-1205980286L, -303154851L, 1850980439L, 817000254L, 491329400L, 
703151195L, 1677470649L, -1727391224L, 2047049910L, -743852047L, 
-1304387037L, 2030389874L, -1312714556L, -1102498169L, -861278627L, 
-1564372908L, 370356858L, -1684502075L, 300628767L, -2005338458L, 
-748165072L, -1433797933L, 654151921L, -1038148576L, 1086671550L, 
-1014186295L, 14883963L, -1331269046L, -1117469012L, 2074771887L, 
879257957L, -1676904676L, 776633202L, 1657690093L, 1407424551L, 
954835022L, -1833548632L, 247605931L, 1756078025L, 910242776L, 
624792198L, -112884895L, 1100252915L, -755566238L, -209532972L, 
1049457367L, 1139448013L, -1384239004L, 84205130L, -207025227L, 
28243727L, -1584954346L, -1434030400L, 637057155L, 1420694689L, 
-1967523184L, 1543170414L, 1897957145L, 809073579L, 1504135578L, 
1824673116L, 561669215L, 1710611509L, 2126104524L, -1674538206L, 
2011303293L, -1341317513L, 639109022L, 780985944L, 922128315L, 
1722327385L, 266214120L, 425861910L, -1141627759L, -1648297661L, 
1072829522L, 1315808996L, -1293590233L, -2098458243L, 2138200180L, 
118676058L, 982791845L, -771398465L, 531593030L, -1304594992L, 
1813850099L, 1508335377L, 119414592L, 1455190480L, -978729630L, 
-1180883992L, -295008308L, 135628540L, -1876103182L, -514294656L, 
-542365452L, 143029384L, 314225978L, -1427479728L, -617091988L, 
722243732L, -18241198L, -362529056L, 1950793932L, 459643040L, 
-2022827646L, 1279564008L, 519293164L, -455456708L, 134029426L, 
207276144L, 170566180L, 991363640L, 806951450L, -2053766960L, 
1512654396L, 1967549588L, -1541520254L, 737003456L, -1978385092L, 
896593552L, 2048574498L, -85430264L, 424041612L, -1377857508L, 
-75557742L, 1496362112L, 465470484L, 324428584L, 1244877882L, 
-1595257648L, -1639820180L, -1405696332L, -7286766L, -1067769888L, 
-979751988L, -726737440L, 165501986L, 1171449128L, 1614649612L, 
-1270550980L, 1252226290L, -756193040L, 1803495236L, 1409257560L, 
-891469254L, 1854011632L, -1440722244L, -1311294956L, -1760596798L, 
-434837920L, 1768519036L, -880282416L, -1658067934L, -1042962264L, 
-1479193204L, -1744547396L, 1288247346L, -2092465344L, -332345676L, 
679665992L, 1099309754L, 1589051152L, -770973460L, 1930750036L, 
-1727920366L, -1675648608L, 1791174604L, -271581344L, -2052694846L, 
-332042712L, 730438060L, 1258472252L, -1975069838L, -284635344L, 
-400154588L, 442691128L, 2044629722L, 254752656L, -1897990916L, 
296041876L, 1508684610L, 880757248L, -1420720068L, 2006954576L, 
1786343586L, -1109515448L, -407647732L, -1047217444L, -362090414L, 
963792000L, -511965356L, -2043023384L, -627555590L, 1958807376L, 
-695114708L, 124770676L, -540946798L, 486220384L, -237801332L, 
-1578290848L, 973510882L, -181269336L, 1203078860L, -496018948L, 
-155731022L, 11387888L, -2063724092L, 1143770456L, 241901946L, 
1980797360L, 314419644L, -546783660L, 731470274L, -1518673120L, 
293565372L, -400723888L, -2163742L, -1947689112L, -489687220L, 
129707772L, 1631794930L, -1381368576L, 1787489396L, -952529400L, 
10839482L, -887736880L, -343377940L, 1641737108L, 1514113234L, 
-1071365024L, 1612746060L, -1804037344L, 1461852802L, 262849000L, 
948706284L, 966655548L, -1412741518L, -740095120L, -608371420L, 
1973738040L, -283790950L, 901115344L, 732603836L, 814329492L, 
1398022786L, 1367424448L, -1828317380L, 1962513040L, 295466786L, 
585692680L, 81044236L, 1315709852L, 891558930L, 40332160L, -1975305452L, 
-1845316312L, 1878167610L, 1982219216L, 421935724L, -640005068L, 
1665749138L, -867567264L, -1667211956L, -1758603808L, 1869765538L, 
-208716888L, 2114968716L, 1124348860L, 2011374706L, 410052592L, 
-437533628L, -1387009960L, 874307642L, 2030889072L, 774315580L, 
914138900L, 1974356674L, 344412896L, -57342852L, -398193456L, 
675369890L, 1787514408L, 300720396L, -707868740L, 1285959986L, 
-1403094848L, 1858056756L, -600368440L, 1079870138L, -1264677744L, 
-729479444L, -382151084L, -285251950L, -1373386976L, 1036752844L, 
-311408416L, 419647170L, -241036248L, 1562475436L, 215345852L, 
-1939897870L, -2004941264L, 1667880868L, 476258744L, -1392100518L, 
-894151536L, 1514511228L, -842490092L, -1441522366L, -2054533376L, 
-775758916L, -887898288L, 983458082L, -798700984L, 1344442050L, 
66674391L, -2036035807L, 1289529062L, 518807524L, 638930709L, 
-1190320321L, 1801892568L, 588789494L, -1305763581L, -1197137339L, 
1927639650L, 1256534480L, 1097567993L, -733705173L, -1321202788L, 
1946887114L, 1224531135L, 1808530953L, -619399394L, -865993012L, 
-2088878435L, 1656339239L, -1619536560L, 949427182L, -2119490405L, 
-513061123L, -1965222422L, 1330947720L, 41791537L, 338037411L, 
1847128740L, 1663624018L, -1981437273L, -406169871L, -150849994L, 
-405267756L, 380235365L, 1893555311L, -620550488L, 1225008134L, 
-610946765L, -2094568043L, 812892658L, -1461817792L, 22007721L, 
-882961893L, 1216179180L, -254891014L, -310245329L, 2130806841L, 
-1109648818L, -1916912996L, -1394368499L, -322749321L, -878961536L, 
825613022L, 2140768683L, 944882349L, 557487898L, -1343256616L, 
1557693505L, -358214925L, -2043833068L, -1603632990L, 1956732343L, 
-1171189375L, 845522822L, -15252028L, -1022831371L, -168190625L, 
1859964856L, 209666710L, -54334301L, 1825498725L, 401539970L, 
237265136L, 1065027737L, -935485301L, -373388932L, -1358202966L, 
1035151327L, -4004503L, -401802882L, 204409196L, 235893181L, 
-1575091577L, 1078105712L, 1275280654L, -1751924165L, 1622739229L, 
1826388938L, 502838504L, -256219183L, 512096707L, 1811735236L, 
1737785714L, -1362924473L, -86818799L, 161900950L, -1373844236L, 
118285957L, 946057167L, 525975240L, -134891674L, 438365587L, 
396177141L, 655781586L, 1187158304L, 580761865L, 834514491L, 
1243726732L, -643055078L, -39452017L, -1263153703L, -1052470674L, 
-1901084164L, 1515107181L, 809835799L, 21338336L, 190725822L, 
-1300157301L, 558615309L, -113943750L, -1459252360L, -9076447L, 
-2078938669L, -1139091212L, -1992279678L, 412322839L, -71255327L, 
72369190L, 1567129892L, -1828568619L, -1667449473L, -269990888L, 
-1143739594L, -843518525L, -1433181179L, 1547673506L, 512768912L, 
-934543559L, -1877349397L, -336421668L, -1058331382L, -23483393L, 
398118473L, -2066998306L, 75678604L, 924164957L, -1223457945L, 
